5.39,5.09,5.38,2.92
5.43,5.09,5.42,2.94
5.41,5.23,5.61,2.86
5.62,5.25,5.42,2.87
5.59,5.49,5.78,2.58
5.4,5.58,5.42,3.39
5.78,5.68,6.07,1.46
5.55,7.74,5.6,-3.31
5.6,6.71,5.5,3.69
5.69,8.09,5.67,3.09
5.66,8.95,6.54,2.09
5.66,8.91,6.66,-1.46
5.66,8.07,6.7,2.96
5.7,7.26,7.02,0.88
6.03,6.85,5.64,-0.63
6.47,5.92,5.56,0.53
6.57,8.96,5.58,-2.19
6.71,8.27,5.47,-3.56
6.21,9.21,5.77,0.27
6.87,8.28,6.03,-3.44
6.89,8.94,6.76,-0.48
6.72,9.12,6.41,-3.31
6.71,9.64,6.5,-2.6
6.39,9.93,6.75,-1.07
6.87,10.06,6.51,-1.41
6.48,10.17,7.09,0.66
6.8,10.35,6.85,-0.25
